2330
2317
2454
2308
2881
2412
2382
2882
2891
3711
0050
2886
2345
6669
2884
2303
0056
2357
1216
00878
2383
2885
00919
2887
2603
2892
3045
3017
2880
6505
5880
3231
1303
3661
3008
2002
6919
2207
2301
4904
8069
3653
2395
2890
2327
2059
2379
3034
2912
2883
2368
1301
2360
00937B
006208
00679B
2404
2615
2801
3037
3293
2618
3665
1519
2609
5871
5876
00687B
2449
5274
4958
4938
2376
3443
6488
1326
5347
6446
1101
3044
3533
1590
2633
3529
00929
00713
00751B
1402
2356
2834
2408
1504
8046
3036
00720B
1102
6223
2610
8464
00725B
5269
2105
2474
2324
00940
6415
2812
3706
9910
6781
00772B
2377
3702
3481
5536
1476
2347
2385
1503
1802
6274
8299
1605
2354
2409
2313
6526
3005
2027
00724B
00773B
00761B
6239
2353
1229
2344
2371
6409
2542
1513
9945
9904
6789
00746B
00933B
00918
6139
6805
2049
6472
2646
4749
8210
6121
4763
6442
2645
2258
6191
2838
6176
6770
5483
1477
00881
8454
00792B
3324
00740B
4966
6285
2809
4583
2352
1319
00777B
2915
2498
2634
6890
9941
2845
3023
5434
3211
8358
2889
00795B
00662
00722B
6196
2540
1722
3596
6691
2206
3189
3376
1795
1717
3406
1560
2882A
3030
9917
6531
00778B
6213
5904
6515
4766
2539
5371
5522
2606
1210
6005
9958
00723B
2006
3019
2637
6944
3081
6414
3131
2504
1736
5469
2451
5903
4772
6592
00756B
2882B
1773
6412
7722
1907
3035
9921
2881B
9939
6257
00712
6510
00757
2492
6147
1815
2597
3105
3363
5234
1215
2923
00764B
2015
4915
00632R
2543
6757
2881A
8932
00726B
00882
00950B
6187
00953B
2211
2421
2337
3374
3563
1231
6670
2607
3264
2458
00785B
8996
8415
2201
1785
2388
6188
3515
00830
8926
2850
2441
9914
00939
4743
3260
2855
1609
6561
2101
00922

