2301
2302
2303
2305
2308
2312
2313
2314
2316
2317
2321
2323
2324
2327
2328
2329
2330
2331
2332
2337
2338
2340
2342
2344
2345
2347
2348
2348A
2349
2351
2352
2353
2354
2355
2356
2357
2359
2360
2362
2363
2364
2365
2367
2368
2369
2371
2373
2374
2375
2376
2377
2379
2380
2382
2383
2385
2387
2388
2390
2392
2393
2395
2397
2399
2401
2402
2404
2405
2406
2408
2409
2412
2413
2414
2415
2417
2419
2420
2421
2423
2424
2425
2426
2427
2428
2429
2430
2431
2432
2433
2434
2436
2438
2439
2440
2441
2442
2444
2449
2450
2451
2453
2454
2455
2457
2458
2459
2460
2461
2462
2464
2465
2466
2467
2468
2471
2472
2474
2476
2477
2478
2480
2481
2482
2483
2484
2485
2486
2488
2489
2491
2492
2493
2495
2496
2497
2498
2501
2504
2505
2506
2509
2511
2514
2515
2516
2520
2524
2527
2528
2530
2534
2535
2536
2537
2538
2539
2540
2542
2543
2545
2546
2547
2548
2597
2601
2603
2605
2606
2607
2608
2609
2610
2611
2612
2613
2614
2615
2616
2617
2618
2630
2633
2634
2636
2637
2642
2645
2646
2701
2702
2704
2705
2706
2707
2712
2722
2723
2727
2731
2739
2748
2753
2762
2801
2809
2812
2816
2820
2832
2834
2836
2836A
2838
2838A
2845
2849
2850
2851
2852
2855
2867
2880
2881
